// // Create a function to load the image
// function loadImage (url) {
//     return new Promise (resolve => {
//       const image = new Image();
//       image.addEventListener('load', () => {
//           resolve(image);
//       });
//       image.src = url;
//     });
// }

// const canvas = document.getElementById('screen');
// //Access the context 
// const context = canvas.getContext('2d');
// // Draw rectangle
// context.fillRect(0,0,120,120);
// //The image comes out
// loadImage('/image/tiles.png')
// .then(image => {
//     context.drawImage(image,
//         160,160,16,16, // What we want to draw
//         0,0,32,32); //Where we want to draw
// });


let ground = [
    [165,165,165,165,165,165,165,165,165,165,165,165,165,165,165,165,165,165,165,165,165,165,165,165,165,165,165,165,165,165,165,165],
    [165,165,165,165,165,165,165,165,165,165,165,165,165,165,165,165,165,165,165,165,165,165,165,165,165,165,165,165,165,165,165,165],
    [165,165,165,165,165,165,165,165,165,165,165,165,165,165,165,165,165,165,165,165,165,165,165,165,165,165,165,165,165,165,165,165],
    [165,165,165,165,165,165,165,165,165,165,165,165,165,165,165,165,165,165,165,165,165,165,165,165,165,165,165,165,165,165,165,165],
    [165,165,165,165,165,165,165,165,165,165,165,165,165,165,165,165,165,165,165,165,165,165,165,165,165,165,165,165,165,165,165,165],
    [168,168,168,168,168,168,168,168,168,168,168,168,168,168,168,168,168,168,168,168,168,168,168,168,168,168,168,168,168,168,168,168],
    [168,168,168,168,168,168,168,168,168,168,168,168,168,168,168,168,168,168,168,168,168,168,168,168,168,168,168,168,168,168,168,168],
    [168,168,168,168,168,168,168,168,168,168,168,168,168,168,168,168,168,168,168,168,168,168,168,168,168,168,168,168,168,168,168,168],
    [168,168,168,168,168,168,168,168,168,168,168,168,168,168,168,168,168,168,168,168,168,168,168,168,168,168,168,168,168,168,168,168],
    [168,168,168,168,168,168,168,168,168,168,168,168,168,168,168,168,168,168,168,168,168,168,168,168,168,168,168,168,168,168,168,168],
    [168,168,168,168,168,168,168,168,168,168,168,168,168,168,168,168,168,168,168,168,168,168,168,168,168,168,168,168,168,168,168,168],
    [168,168,168,168,168,168,168,168,168,168,168,168,168,168,168,168,168,168,168,168,168,168,168,168,168,168,168,168,168,168,168,168],
    [168,168,168,168,168,168,168,168,168,168,168,168,168,168,168,168,168,168,168,168,168,168,168,168,168,168,168,168,168,168,168,168],
    [168,168,168,168,168,168,168,168,168,168,168,168,168,168,168,168,168,168,168,168,168,168,168,168,168,168,168,168,168,168,168,168],
    [168,168,168,168,168,168,168,168,168,168,168,168,168,168,168,168,168,168,168,168,168,168,168,168,168,168,168,168,168,168,168,168],
    [168,168,168,168,168,168,168,168,168,168,168,168,168,168,168,168,168,168,168,168,168,168,168,168,168,168,168,168,168,168,168,168],
    [168,168,168,168,168,168,168,168,168,168,168,168,168,168,168,168,168,168,168,168,168,168,168,168,168,168,168,168,168,168,168,168],
    [168,168,168,168,168,168,168,168,168,168,168,168,168,168,168,168,168,168,168,168,168,168,168,168,168,168,168,168,168,168,168,168],
    [168,168,168,168,168,168,168,168,168,168,168,168,168,168,168,168,168,168,168,168,168,168,168,168,168,168,168,168,168,168,168,168],
    [168,168,168,168,168,168,168,168,168,168,168,168,168,168,168,168,168,168,168,168,168,168,168,168,168,168,168,168,168,168,168,168],
];

let tilesetImage = new Image ();
tilesetImage.src = '/image/tiles.png';
tilesetImage.onload = drawImage;
let canvas = document.getElementById('screen');
let ctx = canvas.getContext('2d');
let tileSize = 16;
let rowTileCount = 20;
let colTileCount = 32;
let imageNumTiles = 16;

function drawImage() {
    for (let r = 0; r < rowTileCount; r++ ) {
        for (let c = 0; c < colTileCount; c++ ) {
            let tile = ground [ r ][ c ];
            
            let tileRow = ( tile / imageNumTiles) | 0;
            let tileCol = (tile % imageNumTiles) | 0;
            ctx.drawImage(tilesetImage, (tileCol * tileSize), (tileRow * tileSize), tileSize, tileSize, (c * tileSize), (r * tileSize), tileSize, tileSize);
        }
    }
}


